64,79
1
2
3
4
5
6
7
8
9
10
11
12
13
14
15
16
17
18
19
20
21
22
23
24
25
26
27
28
29
30
31
32
33
34
35
36
37
38
39
40
41
42
43
44
45
46
47
48
49
50
51
52
53
54
55
56
57
58
59
60
61
62
63
64
1,2,232
1,11,105
1,18,198
1,9,776
2,3,17
4,5,13
4,13,76
5,6,322
5,14,46
6,14,66
7,15,245
9,17,76
11,2,10
11,4,543
11,12,98
11,21,174
11,18,76
14,23,499
15,16,28
15,24,167
17,10,67
18,26,111
18,27,463
18,41,243
20,19,223
20,21,188
20,28,120
21,14,66
22,7,773
22,13,274
22,30,79
23,31,190
23,32,29
25,18,107
25,34,32
26,35,86
28,21,100
28,37,73
28,43,26
30,23,456
30,38,121
30,45,117
31,39,2
34,26,110
34,33,22
35,20,69
35,41,111
35,42,219
35,44,73
35,58,756
36,44,13
37,36,321
37,22,121
38,47,666
41,58,21
42,49,142
42,50,28
45,51,76
45,52,84
45,54,256
46,31,12
46,53,199
47,64,88
48,56,22
49,57,45
51,59,643
51,63,73
52,60,44
53,61,110
54,62,220
55,47,117
56,64,20
57,50,29
58,59,76
60,59,101
61,54,220
62,63,334
63,55,110
63,64,509
1
64
